,State,County,Year,Report_Time,Drug_Use,Proportion_in_State_Use
0,KY,ALLEN,2010,4,168.0,0.567797755846965
1,KY,BARREN,2010,9,383.0,1.2944436933892118
2,KY,BATH,2010,5,81.0,0.27375963228335815
3,KY,BELL,2010,12,387.0,1.3079626875760444
4,KY,BOONE,2010,9,299.0,1.0105448154657293
5,KY,BRACKEN,2010,3,28.0,0.0946329593078275
6,KY,BREATHITT,2010,6,162.0,0.5475192645667163
7,KY,BRECKINRIDGE,2010,3,78.0,0.26362038664323373
8,KY,BULLITT,2010,6,316.0,1.0680005407597675
9,KY,CARROLL,2010,7,99.0,0.33459510612410437
10,KY,CARTER,2010,8,354.0,1.1964309855346762
11,KY,CASEY,2010,6,148.0,0.5002027849128025
12,KY,CHRISTIAN,2010,6,439.0,1.4837096120048667
13,KY,CRITTENDEN,2010,3,34.0,0.11491145058807625
14,KY,DAVIESS,2010,5,591.0,1.9974313911045019
15,KY,ADAIR,2010,2,88.0,0.297417872110315
16,KY,BOURBON,2010,5,161.0,0.5441395160200081
17,KY,BOYD,2010,8,504.0,1.703393267540895
18,KY,BOYLE,2010,4,200.0,0.675949709341625
19,KY,CALLOWAY,2010,3,97.0,0.3278356090306881
20,KY,CAMPBELL,2010,10,852.0,2.8795457617953226
21,KY,CLARK,2010,6,214.0,0.7232661889955387
22,KY,CLAY,2010,6,208.0,0.70298769771529
23,KY,CLINTON,2010,4,75.0,0.25348114100310937
24,KY,CUMBERLAND,2010,2,17.0,0.057455725294038126
25,KY,ELLIOTT,2010,4,91.0,0.30755711775043937
26,KY,ANDERSON,2010,5,98.0,0.33121535757739623
27,KY,ESTILL,2010,3,85.0,0.28727862647019065
28,KY,BUTLER,2010,3,102.0,0.34473435176422873
29,KY,CARLISLE,2010,3,26.0,0.08787346221441125
30,KY,BALLARD,2010,1,24.0,0.081113965120995
31,KY,CALDWELL,2010,3,78.0,0.26362038664323373
32,KY,FAYETTE,2010,12,1967.0,6.647965391374882
33,KY,EDMONSON,2010,2,78.0,0.26362038664323373
34,KY,FLOYD,2010,7,306.0,1.0342030552926862
35,KY,FRANKLIN,2010,7,430.0,1.4532918750844936
36,KY,FULTON,2010,3,74.0,0.25010139245640123
37,KY,GRANT,2010,7,133.0,0.4495065567121806
38,KY,GRAVES,2010,3,217.0,0.7334054346356631
39,KY,GRAYSON,2010,6,257.0,0.8685953765039881
40,KY,HART,2010,2,76.0,0.2568608895498175
41,KY,HENDERSON,2010,2,222.0,0.7503041773692037
42,KY,HOPKINS,2010,7,249.0,0.8415573881303231
43,KY,JEFFERSON,2010,15,5426.0,18.338515614438286
44,KY,JOHNSON,2010,5,243.0,0.8212788968500744
45,KY,KENTON,2010,12,1073.0,3.626470190617818
46,KY,KNOTT,2010,6,284.0,0.9598485872651075
47,KY,KNOX,2010,7,483.0,1.6324185480600244
48,KY,LAUREL,2010,7,623.0,2.105583344599162
49,KY,LOGAN,2010,4,111.0,0.37515208868460187
50,KY,FLEMING,2010,4,88.0,0.297417872110315
51,KY,GARRARD,2010,5,77.0,0.26024063809652564
52,KY,GREEN,2010,3,59.0,0.19940516425577937
53,KY,GREENUP,2010,7,108.0,0.3650128430444775
54,KY,HARLAN,2010,9,419.0,1.4161146410707044
55,KY,HARRISON,2010,6,106.0,0.35825334595106123
56,KY,HENRY,2010,3,19.0,0.06421522238745438
57,KY,JACKSON,2010,7,145.0,0.4900635392726781
58,KY,JESSAMINE,2010,6,316.0,1.0680005407597675
59,KY,LAWRENCE,2010,5,92.0,0.3109368662971475
60,KY,LEE,2010,3,53.0,0.17912667297553062
61,KY,LESLIE,2010,5,141.0,0.4765445450858456
62,KY,LETCHER,2010,7,292.0,0.9868865756387725
63,KY,LEWIS,2010,4,59.0,0.19940516425577937
64,KY,LINCOLN,2010,3,64.0,0.21630390698932
65,KY,LIVINGSTON,2010,4,26.0,0.08787346221441125
66,KY,HARDIN,2010,7,631.0,2.132621332972827
67,KY,LYON,2010,3,56.0,0.189265918615655
68,KY,MADISON,2010,7,465.0,1.571583074219278
69,KY,MAGOFFIN,2010,5,57.0,0.19264566716236312
70,KY,MARTIN,2010,4,90.0,0.30417736920373123
71,KY,MASON,2010,9,286.0,0.9666080843585237
72,KY,MCCRACKEN,2010,7,386.0,1.3045829390293362
73,KY,MCCREARY,2010,7,136.0,0.459645802352305
74,KY,MENIFEE,2010,5,29.0,0.09801270785453563
75,KY,MARION,2010,7,133.0,0.4495065567121806
76,KY,MARSHALL,2010,3,76.0,0.2568608895498175
77,KY,MCLEAN,2010,4,65.0,0.21968365553602812
78,KY,MERCER,2010,6,86.0,0.29065837501689873
79,KY,GALLATIN,2010,3,40.0,0.135189941868325
80,KY,LARUE,2010,3,74.0,0.25010139245640123
81,KY,MUHLENBERG,2010,9,143.0,0.4833040421792619
82,KY,OWEN,2010,5,35.0,0.11829119913478438
83,KY,PENDLETON,2010,7,97.0,0.3278356090306881
84,KY,PIKE,2010,6,332.0,1.1220765175070975
85,KY,MONROE,2010,4,114.0,0.38529133432472623
86,KY,MONTGOMERY,2010,6,230.0,0.7773421657428687
87,KY,MORGAN,2010,5,58.0,0.19602541570907125
88,KY,NELSON,2010,4,148.0,0.5002027849128025
89,KY,OHIO,2010,5,167.0,0.5644180073002568
90,KY,OWSLEY,2010,4,31.0,0.10477220494795188
91,KY,POWELL,2010,5,141.0,0.4765445450858456
92,KY,PULASKI,2010,10,610.0,2.061646613491956
93,KY,ROWAN,2010,7,343.0,1.159253751520887
94,KY,MEADE,2010,3,51.0,0.17236717588211437
95,KY,OLDHAM,2010,6,106.0,0.35825334595106123
96,KY,PERRY,2010,7,599.0,2.024469379478167
97,KY,ROBERTSON,2010,2,19.0,0.06421522238745438
98,KY,ROCKCASTLE,2010,7,198.0,0.6691902122482087
99,KY,METCALFE,2010,3,78.0,0.26362038664323373
100,KY,RUSSELL,2010,7,122.0,0.41232932269839123
101,KY,SIMPSON,2010,4,93.0,0.3143166148438556
102,KY,NICHOLAS,2010,4,90.0,0.30417736920373123
103,KY,SCOTT,2010,5,178.0,0.6015952413140462
104,KY,SPENCER,2010,3,40.0,0.135189941868325
105,KY,TAYLOR,2010,7,202.0,0.6827092064350412
106,KY,WARREN,2010,9,620.0,2.0954440989590375
107,KY,SHELBY,2010,3,124.0,0.4190888197918075
108,KY,WAYNE,2010,5,229.0,0.7739624171961607
109,KY,WHITLEY,2010,9,579.0,1.9568744085440044
110,KY,TRIGG,2010,3,34.0,0.11491145058807625
111,KY,WASHINGTON,2010,5,42.0,0.14194943896174125
112,KY,WEBSTER,2010,6,57.0,0.19264566716236312
113,KY,WOLFE,2010,3,37.0,0.12505069622820061
114,KY,TODD,2010,2,47.0,0.15884818169528186
115,KY,TRIMBLE,2010,2,22.0,0.07435446802757875
116,KY,WOODFORD,2010,3,91.0,0.30755711775043937
117,KY,HICKMAN,2010,0,0.0,0.0
118,KY,UNION,2010,0,0.0,0.0
119,KY,HANCOCK,2010,0,0.0,0.0
120,OH,ADAMS,2010,11,527.0,0.7422639755489514
121,OH,ASHLAND,2010,9,766.0,1.078888435048381
122,OH,ASHTABULA,2010,8,571.0,0.8042366793898506
123,OH,ATHENS,2010,9,664.0,0.935224439780842
124,OH,AUGLAIZE,2010,6,184.0,0.25915857969830564
125,OH,BROWN,2010,10,213.0,0.3000042254116255
126,OH,BUTLER,2010,9,1825.0,2.5704587388554767
127,OH,CARROLL,2010,4,57.0,0.0802828208848012
128,OH,CLERMONT,2010,11,752.0,1.0591698474626403
129,OH,CLINTON,2010,8,455.0,0.6408540965365709
130,OH,COLUMBIANA,2010,7,341.0,0.4802884547669686
131,OH,CRAWFORD,2010,7,218.0,0.3070465781208186
132,OH,CUYAHOGA,2010,12,3556.0,5.008521246778123
133,OH,DEFIANCE,2010,10,589.0,0.8295891491429457
134,OH,DELAWARE,2010,11,1774.0,2.4986267412217074
135,OH,ERIE,2010,11,552.0,0.7774757390949169
136,OH,ALLEN,2010,10,580.0,0.8169129142663981
137,OH,BELMONT,2010,7,231.0,0.32535669516472066
138,OH,CHAMPAIGN,2010,6,214.0,0.30141269595346415
139,OH,COSHOCTON,2010,4,75.0,0.10563529063789631
140,OH,DARKE,2010,7,156.0,0.21972140452682432
141,OH,FAIRFIELD,2010,11,846.0,1.1915660783954705
142,OH,CLARK,2010,4,186.0,0.26197552078198283
143,OH,FAYETTE,2010,4,95.0,0.13380470147466866
144,OH,FRANKLIN,2010,12,2921.0,4.114142452710602
145,OH,GALLIA,2010,9,416.0,0.5859237454048648
146,OH,GEAUGA,2010,5,114.0,0.1605656417696024
147,OH,GREENE,2010,10,964.0,1.3577656023324272
148,OH,GUERNSEY,2010,8,316.0,0.44507669122100313
149,OH,HAMILTON,2010,13,13780.0,19.40872406653615
150,OH,HANCOCK,2010,8,573.0,0.8070536204735278
151,OH,HARDIN,2010,9,326.0,0.45916139663938926
152,OH,HOLMES,2010,7,129.0,0.18169269989718165
153,OH,HURON,2010,7,240.0,0.33803293004126816
154,OH,JACKSON,2010,11,632.0,0.8901533824420063
155,OH,JEFFERSON,2010,8,264.0,0.371836223045395
156,OH,KNOX,2010,6,31.0,0.04366258679699714
157,OH,LAKE,2010,12,2726.0,3.8394906970520712
158,OH,LICKING,2010,13,1639.0,2.308483218073494
159,OH,LOGAN,2010,7,273.0,0.38451245792194255
160,OH,FULTON,2010,4,65.0,0.09155058521951014
161,OH,HIGHLAND,2010,10,527.0,0.7422639755489514
162,OH,LORAIN,2010,5,232.0,0.3267651657065592
163,OH,HOCKING,2010,4,66.0,0.09295905576134875
164,OH,LUCAS,2010,11,1995.0,2.8098987309680417
165,OH,MAHONING,2010,12,2309.0,3.2521584811053676
166,OH,MARION,2010,9,307.0,0.43240045634445556
167,OH,MERCER,2010,7,92.0,0.12957928984915282
168,OH,HENRY,2010,2,50.0,0.07042352709193087
169,OH,LAWRENCE,2010,4,156.0,0.21972140452682432
170,OH,MEIGS,2010,6,102.0,0.14366399526753898
171,OH,MADISON,2010,8,447.0,0.629586332201862
172,OH,MEDINA,2010,9,744.0,1.0479020831279313
173,OH,MONROE,2010,2,2.0,0.0028169410836772347
174,OH,MONTGOMERY,2010,13,7798.0,10.983253285257538
175,OH,MORGAN,2010,5,107.0,0.15070634797673207
176,OH,MORROW,2010,7,198.0,0.27887716728404627
177,OH,MUSKINGUM,2010,6,225.0,0.3169058719136889
178,OH,OTTAWA,2010,5,231.0,0.32535669516472066
179,OH,PERRY,2010,6,211.0,0.2971872843279483
180,OH,PIKE,2010,6,251.0,0.353526106001493
181,OH,PORTAGE,2010,10,1263.0,1.7788982943421738
182,OH,MIAMI,2010,9,458.0,0.6450795081620868
183,OH,NOBLE,2010,1,5.0,0.007042352709193087
184,OH,PAULDING,2010,3,28.0,0.039437175171481285
185,OH,PICKAWAY,2010,8,463.0,0.6521218608712799
186,OH,RICHLAND,2010,11,617.0,0.869026324314427
187,OH,ROSS,2010,11,948.0,1.3352300736630094
188,OH,SCIOTO,2010,10,805.0,1.133818786180087
189,OH,PREBLE,2010,8,98.0,0.1380301131001845
190,OH,PUTNAM,2010,2,38.0,0.05352188058986746
191,OH,SANDUSKY,2010,7,158.0,0.22253834561050156
192,OH,SENECA,2010,8,225.0,0.3169058719136889
193,OH,SHELBY,2010,8,383.0,0.5394442175241905
194,OH,STARK,2010,13,2991.0,4.212735390639304
195,OH,SUMMIT,2010,13,1380.0,1.943689347737292
196,OH,TRUMBULL,2010,10,1159.0,1.6324173579909576
197,OH,TUSCARAWAS,2010,10,390.0,0.5493035113170608
198,OH,UNION,2010,7,171.0,0.24084846265440357
199,OH,VAN WERT,2010,8,149.0,0.209862110733954
200,OH,VINTON,2010,6,52.0,0.0732404681756081
201,OH,WARREN,2010,10,842.0,1.185932196228116
202,OH,WASHINGTON,2010,9,366.0,0.515500218312934
203,OH,WAYNE,2010,10,449.0,0.6324032732855392
204,OH,WOOD,2010,8,649.0,0.9140973816532627
205,OH,WYANDOT,2010,3,21.0,0.029577881378610966
206,OH,WILLIAMS,2010,1,4.0,0.0056338821673544695
207,OH,HARRISON,2010,0,0.0,0.0
208,PA,ADAMS,2010,8,334.0,0.37118947333325925
209,PA,ALLEGHENY,2010,14,8500.0,9.446438692612885
210,PA,ARMSTRONG,2010,8,344.0,0.38230293061868614
211,PA,BEDFORD,2010,4,150.0,0.16670185928140385
212,PA,BERKS,2010,6,2146.0,2.384947933452618
213,PA,BUCKS,2010,13,6140.0,6.823662773252131
214,PA,BUTLER,2010,7,310.0,0.3445171758482346
215,PA,CAMBRIA,2010,9,483.0,0.5367799868861204
216,PA,CAMERON,2010,4,7.0,0.007779420099798847
217,PA,CARBON,2010,6,209.0,0.2322712572654227
218,PA,CHESTER,2010,8,1979.0,2.1993531967859883
219,PA,CLARION,2010,6,221.0,0.24560740600793501
220,PA,CLEARFIELD,2010,9,218.0,0.24227336882230693
221,PA,COLUMBIA,2010,4,131.0,0.14558629043909269
222,PA,CRAWFORD,2010,11,433.0,0.4812127004589858
223,PA,DAUPHIN,2010,10,2575.0,2.861715250997433
224,PA,DELAWARE,2010,14,4534.0,5.038841533212567
225,PA,ERIE,2010,10,1570.0,1.744812793812027
226,PA,BEAVER,2010,9,625.0,0.6945910803391827
227,PA,CENTRE,2010,6,1028.0,1.1424634089418877
228,PA,CLINTON,2010,6,118.0,0.1311387959680377
229,PA,BLAIR,2010,10,662.0,0.7357108722952623
230,PA,BRADFORD,2010,6,145.0,0.1611451306386904
231,PA,CUMBERLAND,2010,5,310.0,0.3445171758482346
232,PA,ELK,2010,6,123.0,0.13669552461075116
233,PA,FAYETTE,2010,12,859.0,0.9546459808181728
234,PA,FRANKLIN,2010,9,755.0,0.8390660250497327
235,PA,FULTON,2010,7,122.0,0.13558417888220847
236,PA,GREENE,2010,6,179.0,0.19893088540914192
237,PA,HUNTINGDON,2010,6,174.0,0.19337415676642847
238,PA,INDIANA,2010,6,604.0,0.6712528200397861
239,PA,JEFFERSON,2010,8,200.0,0.22226914570853848
240,PA,LACKAWANNA,2010,8,1123.0,1.2480412531534435
241,PA,LANCASTER,2010,10,1683.0,1.8703948611373513
242,PA,LEBANON,2010,7,648.0,0.7201520320956646
243,PA,LEHIGH,2010,9,2385.0,2.6505595625743212
244,PA,LAWRENCE,2010,6,301.0,0.3345150642913504
245,PA,JUNIATA,2010,3,40.0,0.044453829141707694
246,PA,LUZERNE,2010,9,1448.0,1.6092286149298185
247,PA,LYCOMING,2010,8,683.0,0.7590491325946589
248,PA,MCKEAN,2010,8,272.0,0.3022860381636123
249,PA,FOREST,2010,2,23.0,0.025560951756481924
250,PA,MERCER,2010,9,357.0,0.3967504250897412
251,PA,MONROE,2010,10,737.0,0.8190618019359642
252,PA,MONTGOMERY,2010,7,369.0,0.4100865738322535
253,PA,MONTOUR,2010,2,13.0,0.014447494471055
254,PA,NORTHAMPTON,2010,6,2009.0,2.232693568642269
255,PA,NORTHUMBERLAND,2010,7,164.0,0.18226069948100154
256,PA,PHILADELPHIA,2010,14,33513.0,37.244529400651246
257,PA,PIKE,2010,4,144.0,0.1600337849101477
258,PA,MIFFLIN,2010,6,141.0,0.1566997477245196
259,PA,POTTER,2010,9,147.0,0.16336782209577577
260,PA,PERRY,2010,5,160.0,0.17781531656683078
261,PA,SCHUYLKILL,2010,10,733.0,0.8146164190217935
262,PA,SOMERSET,2010,6,187.0,0.20782165123748347
263,PA,SULLIVAN,2010,3,18.0,0.02000422311376846
264,PA,UNION,2010,4,72.0,0.08001689245507385
265,PA,VENANGO,2010,9,291.0,0.32340160700592346
266,PA,WARREN,2010,10,213.0,0.23671664017959346
267,PA,WASHINGTON,2010,10,881.0,0.979095586846112
268,PA,SNYDER,2010,3,132.0,0.1466976361676354
269,PA,WESTMORELAND,2010,13,1506.0,1.6736866671852946
270,PA,YORK,2010,13,3066.0,3.4073860037118946
271,PA,SUSQUEHANNA,2010,3,37.0,0.041119791956079614
272,PA,WAYNE,2010,7,152.0,0.16892455073848925
273,PA,WYOMING,2010,4,120.0,0.13336148742512308
274,PA,TIOGA,2010,4,25.0,0.02778364321356731
275,VA,ACCOMACK,2010,4,84.0,0.20259514736385123
276,VA,ALEXANDRIA CITY,2010,6,427.0,1.0298586657662439
277,VA,AMELIA,2010,6,94.0,0.22671361728811923
278,VA,ARLINGTON,2010,9,610.0,1.4712266653803483
279,VA,BEDFORD,2010,8,177.0,0.4268969176595437
280,VA,BLAND,2010,6,25.0,0.06029617481067001
281,VA,BUCKINGHAM,2010,7,136.0,0.3280111909700449
282,VA,CAROLINE,2010,4,138.0,0.33283488495489844
283,VA,CHARLOTTESVILLE CITY,2010,6,264.0,0.6367276060006754
284,VA,CHESAPEAKE CITY,2010,10,881.0,2.1248372003280114
285,VA,CHESTERFIELD,2010,11,1331.0,3.2101683469200712
286,VA,COLONIAL HEIGHTS CITY,2010,9,190.0,0.45825092856109206
287,VA,DANVILLE CITY,2010,7,332.0,0.8007332014856977
288,VA,DICKENSON,2010,6,103.0,0.24842024021996045
289,VA,ESSEX,2010,4,94.0,0.22671361728811923
290,VA,FAIRFAX,2010,13,3337.0,8.048333413728233
291,VA,ALBEMARLE,2010,6,282.0,0.6801408518643577
292,VA,ALLEGHANY,2010,8,154.0,0.3714244368337273
293,VA,AMHERST,2010,7,411.0,0.991269113887415
294,VA,AUGUSTA,2010,7,344.0,0.8296753653948193
295,VA,BATH,2010,4,40.0,0.09647387969707202
296,VA,BRISTOL,2010,7,276.0,0.6656697699097969
297,VA,BUCHANAN,2010,6,185.0,0.4461916935989581
298,VA,BUENA VISTA CITY,2010,4,44.0,0.10612126766677922
299,VA,CAMPBELL,2010,7,209.0,0.5040760214172013
300,VA,CARROLL,2010,7,166.0,0.40036660074284885
301,VA,CLARKE,2010,4,35.0,0.08441464473493801
302,VA,CRAIG,2010,5,69.0,0.16641744247744922
303,VA,CULPEPER,2010,9,492.0,1.1866287202739858
304,VA,CUMBERLAND,2010,4,64.0,0.15435820751531523
305,VA,DINWIDDIE,2010,4,131.0,0.3159519560079109
306,VA,FAIRFAX CITY,2010,6,148.0,0.35695335487916646
307,VA,BEDFORD CITY,2010,2,4.0,0.009647387969707202
308,VA,BOTETOURT,2010,8,175.0,0.4220732236746901
309,VA,CHARLOTTE,2010,3,75.0,0.18088852443201003
310,VA,EMPORIA CITY,2010,3,91.0,0.21947807631083885
311,VA,BRUNSWICK,2010,3,131.0,0.3159519560079109
312,VA,FALLS CHURCH CITY,2010,5,65.0,0.15677005450774203
313,VA,FAUQUIER,2010,12,418.0,1.0081520428344026
314,VA,APPOMATTOX,2010,2,39.0,0.09406203270464522
315,VA,FLOYD,2010,4,78.0,0.18812406540929044
316,VA,FLUVANNA,2010,4,50.0,0.12059234962134002
317,VA,FRANKLIN,2010,10,255.0,0.6150209830688341
318,VA,FREDERICK,2010,10,401.0,0.967150643963147
319,VA,GALAX CITY,2010,3,31.0,0.07476725676523081
320,VA,GILES,2010,8,241.0,0.5812551251748589
321,VA,GLOUCESTER,2010,7,133.0,0.3207756499927645
322,VA,GOOCHLAND,2010,4,49.0,0.11818050262891322
323,VA,GRAYSON,2010,6,103.0,0.24842024021996045
324,VA,GREENE,2010,4,102.0,0.24600839322753365
325,VA,HALIFAX,2010,8,277.0,0.6680816169022237
326,VA,HAMPTON CITY,2010,8,775.0,1.8691814191307703
327,VA,HANOVER,2010,12,510.0,1.2300419661376683
328,VA,HARRISONBURG CITY,2010,5,48.0,0.11576865563648642
329,VA,HENRICO,2010,12,1154.0,2.7832714292605276
330,VA,HENRY,2010,6,164.0,0.39554290675799525
331,VA,JAMES CITY,2010,6,237.0,0.5716077372051517
332,VA,KING GEORGE,2010,7,128.0,0.30871641503063046
333,VA,KING WILLIAM,2010,6,48.0,0.11576865563648642
334,VA,LOUDOUN,2010,11,902.0,2.175485987168974
335,VA,LOUISA,2010,7,184.0,0.4437798466065313
336,VA,FRANKLIN CITY,2010,2,64.0,0.15435820751531523
337,VA,FREDERICKSBURG CITY,2010,9,234.0,0.5643721962278713
338,VA,GREENSVILLE,2010,4,112.0,0.2701268631518017
339,VA,HOPEWELL CITY,2010,4,215.0,0.5185471033717621
340,VA,LEE,2010,5,108.0,0.26047947518209447
341,VA,LUNENBURG,2010,7,110.0,0.26530316916694807
342,VA,LYNCHBURG CITY,2010,9,502.0,1.2107471901982538
343,VA,MADISON,2010,5,68.0,0.16400559548502244
344,VA,MARTINSVILLE CITY,2010,4,92.0,0.22188992330326565
345,VA,ISLE OF WIGHT,2010,4,169.0,0.40760214172012926
346,VA,MECKLENBURG,2010,5,171.0,0.41242583570498287
347,VA,LEXINGTON CITY,2010,2,17.0,0.04100139887125561
348,VA,HIGHLAND,2010,1,3.0,0.007235540977280401
349,VA,LANCASTER,2010,2,24.0,0.05788432781824321
350,VA,MATHEWS,2010,4,40.0,0.09647387969707202
351,VA,MONTGOMERY,2010,11,691.0,1.666586271766919
352,VA,NELSON,2010,1,94.0,0.22671361728811923
353,VA,NEW KENT,2010,6,105.0,0.25324393420481406
354,VA,NEWPORT NEWS CITY,2010,11,1730.0,4.172495296898365
355,VA,ORANGE,2010,8,156.0,0.3762481308185809
356,VA,PAGE,2010,7,154.0,0.3714244368337273
357,VA,PETERSBURG CITY,2010,8,474.0,1.1432154744103034
358,VA,POQUOSON CITY,2010,5,33.0,0.07959095075008442
359,VA,PORTSMOUTH CITY,2010,8,841.0,2.0283633206309393
360,VA,MIDDLESEX,2010,3,30.0,0.07235540977280401
361,VA,NORFOLK CITY,2010,8,1077.0,2.5975592108436643
362,VA,PATRICK,2010,4,98.0,0.23636100525782644
363,VA,POWHATAN,2010,8,197.0,0.4751338575080797
364,VA,PRINCE WILLIAM,2010,11,1551.0,3.7407746852539674
365,VA,PULASKI,2010,10,503.0,1.2131590371906806
366,VA,ROCKBRIDGE,2010,5,186.0,0.4486035405913849
367,VA,ROCKINGHAM,2010,9,413.0,0.9960928078722686
368,VA,RUSSELL,2010,7,270.0,0.6511986879552362
369,VA,SALEM,2010,8,205.0,0.4944286334474941
370,VA,MANASSAS CITY,2010,2,171.0,0.41242583570498287
371,VA,NORTHUMBERLAND,2010,3,32.0,0.07717910375765762
372,VA,PITTSYLVANIA,2010,5,182.0,0.4389561526216777
373,VA,PRINCE EDWARD,2010,5,183.0,0.4413679996141045
374,VA,PRINCE GEORGE,2010,6,181.0,0.4365443056292509
375,VA,RAPPAHANNOCK,2010,7,51.0,0.12300419661376683
376,VA,RICHMOND,2010,11,2884.0,6.955766726158893
377,VA,ROANOKE,2010,11,1103.0,2.6602672326467607
378,VA,SCOTT,2010,9,353.0,0.8513819883266606
379,VA,SHENANDOAH,2010,12,369.0,0.8899715402054894
380,VA,SMYTH,2010,8,310.0,0.7476725676523082
381,VA,SOUTHAMPTON,2010,3,94.0,0.22671361728811923
382,VA,SPOTSYLVANIA,2010,12,716.0,1.7268824465775892
383,VA,NOTTOWAY,2010,2,89.0,0.21465438232598524
384,VA,RADFORD,2010,7,144.0,0.34730596690945925
385,VA,NORTON CITY,2010,2,3.0,0.007235540977280401
386,VA,STAUNTON CITY,2010,6,186.0,0.4486035405913849
387,VA,SUSSEX,2010,4,59.0,0.14229897255318122
388,VA,TAZEWELL,2010,10,509.0,1.2276301191452414
389,VA,VIRGINIA BEACH CITY,2010,13,1537.0,3.707008827359992
390,VA,STAFFORD,2010,12,583.0,1.4061067965848246
391,VA,WARREN,2010,10,427.0,1.0298586657662439
392,VA,SUFFOLK CITY,2010,7,245.0,0.5909025131445661
393,VA,WASHINGTON,2010,9,321.0,0.774202884569003
394,VA,WILLIAMSBURG CITY,2010,1,41.0,0.09888572668949881
395,VA,WYTHE,2010,11,406.0,0.979209878925281
396,VA,WESTMORELAND,2010,5,107.0,0.25806762818966766
397,VA,WINCHESTER CITY,2010,9,369.0,0.8899715402054894
398,VA,WISE,2010,8,514.0,1.2396893541073755
399,VA,WAYNESBORO CITY,2010,4,93.0,0.22430177029569245
400,VA,YORK,2010,5,215.0,0.5185471033717621
401,VA,SURRY,2010,1,13.0,0.03135401090154841
402,VA,NORTHAMPTON,2010,0,0.0,0.0
403,VA,CHARLES CITY,2010,0,0.0,0.0
404,VA,KING AND QUEEN,2010,0,0.0,0.0
405,VA,COVINGTON CITY,2010,0,0.0,0.0
406,WV,BARBOUR,2010,2,16.0,0.18458698661744347
407,WV,BERKELEY,2010,8,722.0,8.329487771112136
408,WV,BOONE,2010,5,90.0,1.0383017997231194
409,WV,BRAXTON,2010,5,167.0,1.9266266728195662
410,WV,CABELL,2010,5,517.0,5.964467005076142
411,WV,CALHOUN,2010,3,8.0,0.09229349330872173
412,WV,DODDRIDGE,2010,2,16.0,0.18458698661744347
413,WV,BROOKE,2010,1,9.0,0.10383017997231195
414,WV,CLAY,2010,1,50.0,0.5768343331795108
415,WV,GRANT,2010,6,95.0,1.0959852330410707
416,WV,GREENBRIER,2010,5,254.0,2.930318412551915
417,WV,HARDY,2010,6,76.0,0.8767881864328565
418,WV,HARRISON,2010,7,196.0,2.2611905860636825
419,WV,JACKSON,2010,4,116.0,1.338255652976465
420,WV,JEFFERSON,2010,3,133.0,1.534379326257499
421,WV,LOGAN,2010,6,307.0,3.5417628057221964
422,WV,HANCOCK,2010,6,152.0,1.753576372865713
423,WV,KANAWHA,2010,8,1440.0,16.61282879556991
424,WV,FAYETTE,2010,3,135.0,1.5574526995846794
425,WV,MARION,2010,7,348.0,4.014766958929395
426,WV,MARSHALL,2010,5,126.0,1.4536225196123673
427,WV,MASON,2010,4,94.0,1.0844485463774804
428,WV,MCDOWELL,2010,5,99.0,1.1421319796954315
429,WV,MINERAL,2010,4,104.0,1.1998154130133825
430,WV,MORGAN,2010,5,40.0,0.46146746654360865
431,WV,NICHOLAS,2010,6,199.0,2.2958006460544533
432,WV,OHIO,2010,11,249.0,2.872634979233964
433,WV,MERCER,2010,8,587.0,6.7720350715274575
434,WV,POCAHONTAS,2010,5,41.0,0.4730041532071989
435,WV,RALEIGH,2010,7,494.0,5.699123211813567
436,WV,RITCHIE,2010,2,54.0,0.6229810798338717
437,WV,ROANE,2010,3,21.0,0.24227041993539455
438,WV,MONONGALIA,2010,2,337.0,3.8878634056299033
439,WV,MONROE,2010,3,62.0,0.7152745731425935
440,WV,PRESTON,2010,4,26.0,0.2999538532533456
441,WV,MINGO,2010,3,180.0,2.076603599446239
442,WV,PUTNAM,2010,3,188.0,2.168897092754961
443,WV,RANDOLPH,2010,1,36.0,0.4153207198892478
444,WV,UPSHUR,2010,7,253.0,2.918781725888325
445,WV,SUMMERS,2010,2,59.0,0.6806645131518227
446,WV,TUCKER,2010,1,1.0,0.011536686663590217
447,WV,TYLER,2010,2,57.0,0.6575911398246423
448,WV,WAYNE,2010,5,23.0,0.265343793262575
449,WV,WETZEL,2010,3,24.0,0.2768804799261652
450,WV,WYOMING,2010,2,15.0,0.17305029995385326
451,WV,WOOD,2010,6,287.0,3.3110290724503924
452,WV,WIRT,2010,1,12.0,0.1384402399630826
453,WV,GILMER,2010,0,0.0,0.0
454,WV,HAMPSHIRE,2010,0,0.0,0.0
455,WV,LEWIS,2010,0,0.0,0.0
456,WV,PENDLETON,2010,0,0.0,0.0
457,WV,PLEASANTS,2010,0,0.0,0.0
458,WV,WEBSTER,2010,0,0.0,0.0
459,WV,TAYLOR,2010,0,0.0,0.0
460,WV,LINCOLN,2010,0,0.0,0.0
